24 14
5 1 1 5 5 2 5 5 1 5 5 1 1 5 5 1 5 5 0 5 5 1 2 5
3 5 5 0 5 5 3 0 5 1 3 5 5 2 2 5 2 1 5 5 3 5 5 1
3 5 5 1 5 5 5 5 5 5 5 5 5 5 5 5 5 5 5 5 3 5 5 1
5 1 3 5 5 3 5 5 3 5 5 3 2 5 5 0 5 5 3 5 5 2 2 5
5 5 5 5 5 5 3 5 5 2 5 5 5 5 3 5 5 5 5 2 5 5 5 1
5 3 5 2 5 5 1 1 5 5 5 3 1 5 5 5 0 2 5 5 0 5 2 5
5 1 5 0 5 5 1 1 5 5 5 1 3 5 5 5 2 1 5 5 1 5 1 5
2 5 5 5 3 5 5 5 5 3 5 5 5 5 1 5 5 5 5 2 5 5 5 0
5 5 5 5 5 5 5 3 5 5 2 5 5 3 5 5 0 5 5 5 5 5 5 5
5 1 3 5 5 0 5 5 3 5 5 0 2 5 5 3 5 5 0 5 5 3 1 5
1 5 5 0 5 5 5 5 5 5 5 5 5 5 5 5 5 5 5 5 2 5 5 3 
1 5 5 1 5 5 2 3 5 0 3 5 5 1 1 5 2 0 5 5 0 5 5 1
5 2 2 5 5 3 5 5 3 5 5 2 1 5 5 0 5 5 3 5 5 2 2 5
